0 2.241e-06
100 8.719e-03
200 3.282e-02
300 7.462e-02
400 1.356e-01
500 2.130e-01
600 3.093e-01
700 4.477e-01
800 5.848e-01
900 7.061e-01
1000 1.598e+00
1100 5.796e-01
1200 4.923e-01
1300 6.448e-01
1400 8.646e-01
1500 8.593e-01
1600 8.514e-01
1700 9.838e-01
1800 1.090e+00
1900 1.208e+00
2000 1.341e+00
2100 2.670e+00
2200 1.746e+00
2300 1.935e+00
2400 2.054e+00
2500 2.228e+00
2600 2.972e+00
2700 2.737e+00
2800 8.905e+01
2900 7.372e+00
3000 7.799e+00
3100 8.497e+00
3200 9.040e+00
3300 9.667e+00
3400 9.964e+00
3500 1.074e+01
3600 1.153e+01
3700 1.229e+01
3800 1.271e+01
3900 1.187e+01
4000 1.468e+01
4100 1.627e+01
4200 1.641e+01
4300 1.645e+01
4400 1.720e+01
4500 1.803e+01
4600 1.874e+01
4700 1.948e+01
4800 2.054e+01
4900 2.120e+01
5000 2.526e+01
5100 2.389e+01
5200 2.423e+01
5300 2.552e+01
5400 2.806e+01
5500 2.717e+01
5600 2.821e+01
5700 2.894e+01
5800 3.096e+01
5900 3.048e+01
6000 3.121e+01
6100 3.363e+01
6200 3.488e+01
6300 3.705e+01
6400 3.728e+01
6500 3.451e+01
6600 1.923e+01
6700 2.156e+01
6800 2.530e+01
6900 2.541e+01
7000 2.596e+01
7100 2.422e+01
7200 2.473e+01
7300 2.559e+01
7400 2.811e+01
7500 2.736e+01
7600 2.807e+01
7700 3.194e+01
7800 3.121e+01
7900 3.866e+01
8000 3.647e+01
8100 3.267e+01
8200 3.822e+01
8300 3.565e+01
8400 3.830e+01
8500 6.153e+01
8600 6.539e+01
8700 6.714e+01
8800 6.933e+01
8900 3.061e+02
9000 7.107e+01
9100 7.322e+01
9200 1.122e+03
9300 7.693e+01
9400 6.162e+01
9500 2.211e+02
9600 7.671e+01
9700 8.402e+01
9800 8.599e+01
9900 8.848e+01
10000 9.009e+01
10100 9.176e+01
10200 9.306e+01
10300 9.579e+01
10400 9.890e+01
10500 7.254e+01
10600 1.090e+02
10700 6.235e+01
10800 6.257e+01
10900 6.811e+01
11000 9.349e+01
11100 8.676e+01
11200 4.953e+01
11300 5.175e+01
11400 3.057e+02
11500 7.063e+01
11600 1.003e+02
11700 7.528e+01
11800 6.895e+01
11900 6.296e+01
12000 6.415e+01
12100 6.356e+01
12200 7.030e+01
12300 6.976e+01
12400 6.660e+01
12500 7.042e+01
12600 7.398e+01
12700 7.279e+01
12800 7.662e+01
12900 7.594e+01
13000 9.071e+01
13100 1.140e+02
13200 1.608e+02
13300 1.635e+02
13400 1.640e+02
13500 1.651e+02
13600 1.702e+02
13700 1.711e+02
13800 1.740e+02
13900 1.783e+02
14000 1.769e+02
14100 1.796e+02
14200 1.823e+02
14300 1.839e+02
14400 1.973e+02
14500 1.908e+02
14600 3.375e+03
14700 1.229e+02
14800 1.846e+02
14900 1.125e+02
15000 1.124e+02
15100 9.707e+01